343 973 -89 779 -181 668 -500 927 923 518 308 -226 506 59 -872 228 -358 -721 194 -156 628 523 696 -549 -437 -511 296 -895 80 754 36 -806 68 -329 42 -829 102 412 -666 337 -410 -446 -467 -868 835 -188 -973 555 309 217 -7 890 -666 -418 -425 -680 -610 -924 18 -411 852
422 938 557 884 966 -983 -503 -81 -897 297 -401 -555 860 -465 494 36 -908 -48 496 776 379 200 39 288 180 695 456 161 846 -210 966 408 825 782 829 -620 -630 -47 -929 670 -555 293 26 -111 403 721 671 593 -409 -187 726 -205 -422 852 466 -886 453
-449 -299 -416 450 419 -517 257 -633 565 -393 925 168 833 -813 463 -61 334 437 -38 169 164 192 154 -957 -489 -343 7 -917 866 930 -872 729 -618 980 236 202 -37 568 -432 85 970
-666 -771 436 -540 795 -630 -635 154 884 -931 -700 -889 -443 -87 -571 -813 65 -730 624 -273 -441 -994 -156 262 366 -655 922 -28 544 509
-232 -595 660 -474 -929 -613 -186 284 -254 -316 852 -458 998 -137 -683 -57 -697 -882 249 -756 -776 917 -298 66 -729 -866 -216 935 8 352 -516 -420 -937 -348 37 190 617 598 -655 -174 -746 994 575 943 -383 909 322 640 -435 669 648 -180 548 491 -370 -802 441 289 -604 -126 -661
-853 750 956 -732 987 492 -612 243 -890 -250 496 -711 465 -448 -458 -74 -550 624 -349 -519 258 464 333 -48 487 -839 -164 373 -42 741 -860 -617 97 994 -222 253 815 289 -534 -864 958 206 633 723 -198
288 627 108 -174 118 696 -818 916 -840 415 603 152 710 483 867 752 -841 -314 -993 -576 -983 -676 628 95 -951 621 136 -189 275 -271 806 9 -624 -398 -639 761 -988 -837 198 -717 434 -209 -726 605 662 867 -91 540 804 -305 -611 -579 59 63 -119 40 187 -523 -813 993 837 647 -828 -944 -483 125 91
34 -913 -63 -543 683 -427 578 192 913 402 -285 537 275 -368 762 -725 -184 781 -230 388 775 703 73 -123 -178
374 263 397 288 -36 -949 732 -463 -299 880 930 -139 60 -804 555 -249 958 88 -535 -573 115 -70 370 459 -115 545 802
307 471 -934 -461 374 -240 -417 461 -384 -414 -179 153 -760 228 -31 -820 -409 -694 -175 -278 178 -928 -487 -735 732 -733 588
-842 -721 -328 96 759 -736 -83 -383 -336 830 917 126 918 452 -383 95 548 433 -274 -951 609 -899 -489 -830 132 970 -971 -190 -846 148 975 -358 -650 -148 127 549 193 811 96 -851 -801 752 776 563 -736 -600
-52 667 -444 242 890 -319 802 331 325 850 41 766 856 646 -278 435 772 498 -452 326 -485 -753 143 -279 -820 -629 67 696 -78 -919 -33 -603 -211 -606 860 918 145 -71 263 182 732 -297 -59 230 -967 -669 -297 -708 942 582 -457 -160 -106 718 -86 208 -842 -631 523 -854 14 220 213 -106 907 236 -972 837 390 369 828 -493 -453 -272
-14 756 -529 593 -867 158 -523 -683 188 -684 -133 926 928 -773 382 -513 283 413 794 342 -194 694 -257 -922 558 618 -443 -112 504 441 -851 -587 225 -330 -117 -736 940 243 -897 13 599 83 -649 5 -888 -803 278 -695 805 -497 -30 232 331 75 -549
-744 -719 651 187 -520 254 981 440 889 257 106 -88 -74 -389 -168 -789 -697 754 259 -71 -944 -986 348 7 730 -779 607 673 -149 -781 148 791 -423 828 -83 -925 -149 316 -544 -894 -99 -437 -114 -971 253 -643 282 -410 -909 -686 803 856 -978 12 -300 230 79 -321 -130 -330 498 -188 -237 659 464 29 936 817 28 -54 -675 -655
201 143 -206 706 134 98 407 400 858 -302 416 -200 -25 796 739 -233 355 -72 15 -377 -650 665 391 8 -550 -716 259 -901 951 938 975 -604 -838 -318 880 -607 -960
570 -181 -563 -445 -564 -862 725 -440 -451 125 876 -241 561 -335 -341 808 351 560 540 325 -592 -957 -869 590 -998 380 -513 -760 545 -269
379 52 314 306 279 -31 358 -726 98 288 -885 341 -107 -29 84 39 844 788 757 94 904 887 -700 716 319 -378 928 276 601 691 520 106 981 877
-318 -139 -603 -764 28 -692 -338 954 255 -925 -614 409 -343 -268 531 803 -695 -971 -419 534 368 -561 -15 760 -82 -834 466 281 159 -145 653
-952 -985 -855 -74 184 -596 -731 78 225 -99 -700 -527 853 134 699 327 -670 -758 967 -85 437 -432 -891 572 -72 623 -57 -814 881 -705 -629 -177 -808
-345 -393 71 204 -592 -829 471 679 -326 -446 806 682 -836 404 553 -683 -172 247 851 -273 -32 847 433 354 -489 -420 -897 674 796 581 -203 -37 928 -773 -812 611 715 952 -958 761
509 9 905 567 -763 310 -369 749 851 -881 -986 -18 -767 248 950 448 59 81 -375 817 -369 48 7 -403 -265 -855 -745 7 -395 -765 962 -461 -210 518
175 -64 -930 494 650 -759 590 837 -523 251 -961 -545 451 -439 454 550 -598 119 -355 859 -148 -510 8 -536 12 87 -778 947 763 -209 232 625 340 -279 977 158 -324 -396 -751 337 590 -49 -527 201 506 673 899 -975 -207 237 -777 -88 873 -3 -541 -572 802 447 305 -626 -129 -659 -478 -417 604 -762 299 699 577 837 959 160 -868
-850 362 -214 -639 -803 849 -383 -246 -17 763 104 775 -957 827 -238 453 201 -47 228 564 -957 91 -27 326 -397 118 -650 -977 507 121 -586 -621 -815 -206 642 141 -207 -764 639 -439 569 -95 -812 511
688 643 370 -281 -632 229 -123 295 106 571 -286 -399 -955 -638 492 -195 -503 197 907 247 659 -582 -638 -543 984 832 663 -718 631 950 154 411 416 422 632 -623 -346 253 -408 389 375 -964 418 889 -343 702 422 965 -29 -267 738 423
745 731 -502 655 -864 -549 574 -605 -607 884 369 326 -443 -237 -696 673 -294 239 -850 369 -915 -712 -295 67 522
-465 -14 -426 175 -86 -889 -992 482 -751 -46 475 -973 -322 -764 -380 -600 -43 -887 -747 823 -677 -369 67 708 562 -359 694 783 -659
-382 -440 800 875 491 -103 133 548 2 876 -10 413 287 -140 386 -705 -557 -773 -813 454 314 257 -613 -638 -480 982 991 -770 -19 -49 -693 -210 -115 606 -403 941 -37 -282 -996 -238 -733 330 624 549 290 -242 804 -632 -445 -191 336 377 475 -309 -401 -982 -273 -559 -582 -405 342 -995 -411 -402 -905 893 -576
799 962 -696 314 137 507 -473 191 188 476 -637 345 8 177 546 -831 553 658 664 -424 -826 188 -742 302 -924 -437 946 848 781 -706 657 -643 -887 344 615 832 777 -487 -739 555 -321 -517 345 639 -274 -919 -583 -339
377 763 -971 -116 326 805 678 -627 -492 -138 -905 -314 -294 -866 673 775 177 -809 964 280 348 -373 -822 -788 466 790 -736 -801 -28 387 920 180 -764 -823 -651 430 -268 900 -770 996 272 -498 -109 380 -645 961 588 577 -598 719 873 473 -114 298 -477 -552 -647 784 -5 516
-621 -652 -31 -512 -261 -697 986 141 607 881 94 763 -242 -731 100 -475 423 -622 44 319 221 -222 587 -245 -822 92 -983 -476 465 855 -79 189 589 432 -758 930 -404 875 698 22 -973 -568 -361 668 593 -573 815 16 302 -356 499 -785 -945 259 -682 546 797 -68 343 709 374 667 -250 -760
158 699 41 -392 46 259 282 397 22 -445 -393 921 374 -137 547 622 967 555 682 -924 -85 818 -420 83 -557 376 -836 692 -118 -706 405 -55
200 -363 -970 760 150 -236 221 -243 -96 187 600 538 -317 677 918 -410 27 599 365 546 692 -201 973 -514 -679 122 -582 -843 -252 -241 907 -550 -108 -856 231 -194 -312 -983 -99 -100 904 543 778 805 984 -760 -522 -485 989 -128
-56 -814 848 731 -804 -648 324 -271 13 242 797 -981 163 -368 -879 843 -605 -884 789 -284 -593 -37 -219 -855 -366 150 -939 -789 455 -761 214 882 644 -664 -448 -620 133 401 86 -538 919 624 -942 478 -788
-810 279 -125 -326 790 -613 -346 -230 182 171 -624 583 645 -338 -520 871 971 927 -454 674 929 229 -249 332 267 637 538 675 21 132
895 18 832 471 -866 111 775 770 -872 -297 555 902 99 480 268 159 -421 572 -553 -478 -103 220 -105 -757 278 132 -389 -631 751 -633 760 806 -386 -222 -38 402 -93 -460 -480 227 935 302 -405 -567 121 -132 -253 -421 -32 -683 540 311 -942 951 -542 -723 -16 381 -469 273 -989 -760 -587 352 -177 565 -640 -441 104 -470 -567
-363 -29 -126 -127 -238 -445 186 84 -197 -413 -859 -928 673 -89 -409 -25 -27 -821 -87 -567 437 480 -834 345 105 -199 38 75 -519 -637 -498 -200 101 382 302 -529 30 -220 625 -801 944 -220 924
-114 -825 -300 997 584 929 -195 553 41 684 464 220 398 613 69 854 40 518 678 72 -17 -433 -122 899 -706 -197 -500 81 -282 792 243 516 27 677 -717 -136 556 -555 -61 406 567 -60 951 469 -956 -320 -76 -606 902 570 311 -452 -50 -908 126 -543 -417 -404 398 -319 -977 521 -123 395 -219 364 812
-919 779 409 117 -227 -108 833 -610 -327 592 -10 -299 -567 907 378 136 163 952 -410 -43 406 -363 -656 583 -267 103 -792 -904 -16 948 742 -528 -677 749 793 758 -637 156 -974 -675 -853 453 -653 127 632 -774 -707 -666 605 980 -468 939 473 430 917 713 894 -398 516 544 -883 524 800 577 605
150 -206 933 -807 233 -467 -361 920 115 -164 -676 713 -439 -83 130 -104 596 79 -880 22 994 -313 -49 -927 -920 -20 257 57 292 -200 995 768 -710 910 267 -261 140 -787 714 374 -54 887 -811 945 779 473 -607 -652 -319 -586 -859 -384 143 524 596 -223 -600 -241 467 854 -850 907 -726 541 823 -106 -897 -738 -288 -135 633 -172 -250 -653
913 -481 -687 -348 913 780 -164 749 888 107 -215 -395 661 -50 -481 354 -713 294 714 75 947 -61 -556 699 -242 17 83 -518 -33 30 -893 -911 609 329 257 920 954 -290 331 852 -352 -440
598 -245 -314 -9 385 -742 525 309 -818 -696 233 410 331 -91 798 -978 532 430 378 12 185 -322 434 -344 -244 924 -492 -673 -439 739 -7 -312 -670 444 -926 -837 -573 -701 634 -584 716 690 -524 452 655 603 141 -827 272 -501 997 -650 -664 791 281 -698 -555 -902 -229 -607 -607 718 -82 785 286 -817 196 731 385
811 403 32 962 780 -654 -206 494 -188 691 875 45 -863 108 693 -769 -987 56 -216 741 -725 -630 -147 -67 -933 438
692 324 608 190 -231 -672 -828 733 -794 411 -121 -652 -81 676 -201 173 -403 -871 526 710 26 953 -21 835 798 -739 812 329 150 -411 417 382 877 541 778 662 712 -401 -24 674 -725 997 930 -247 466 226 301 279 164 -504 -657 -430 -557 452 -206 987 671 708 -468 428
749 793 -230 -816 433 153 -249 286 -510 -55 -355 -696 374 -321 534 737 -328 -543 778 244 -365 28 -657 -564 -222 -444 398 464 841 -766 982 -49 906 -51 -406 714 492 -199 -646 -81 -897 710 42 286 32 892 753 -569 202 694 -32 457 -110 -64 -945 353 227 -169 874 710 939 750 764 -701 189 -276 -299 -633 598 192 -263
714 375 1 -767 -825 863 -302 769 204 572 635 611 -29 -580 616 -4 990 681 552 593 479 831 -517 905 -394 -581 -595 252 294 652 707 -528 144 487 833 -491 39 138 -717 854 -610 614 -957 767 882 -783 218 197 -189 -874 362 289 835 -976 -804 50 -55 -403 632 -399 32 386 984 -665 124 -56 -969 -102 693 725 267 -727 -210 538 142
-801 608 446 -575 724 -138 -648 450 -35 -493 -181 275 -227 826 957 -850 799 222 408 -682 6 711 -214 -78 -758 604 140 303 -364 68 234 231 -556 265 8 281 298 888 188 90 -898 450 -760 -1000 204 -662 -663 803 -485 -504 964 130 -19 377 687 746 -342
857 -55 -469 -191 -574 191 -257 -19 -33 863 -655 -764 743 433 -319 -994 -931 -743 308 -400 107 -466 397 -593 471 708 -124 -457 -123 382 -724 -143 396 -358 -818 -317 -177 -943 -18 700 175 -724 224 -857 -743 -180 -471 -895 202 931 -197 -393 -228 -167 -945 -30 953 95 459 123 -712 -598 950 -720 905
217 365 -962 845 799 797 -501 -706 -351 964 -261 174 38 -866 18 -551 507 -501 192 -225 985 836 -311 229 152 -970 -370 832 711 -117 -51 589 928 361 442 305 -836 407 -944 -166 -542 515 -142 194 953 283 287 894 -896 284 928 997
255 -899 245 678 -149 -891 993 236 191 938 -610 -289 -1000 35 2 840 594 747 -907 59 203 -352 181 -741 657 -553 704 516 277 -439
-76 93 -172 -539 767 -842 85 292 275 -908 -875 -466 17 -1 709 -359 848 -235 510 777 -79 512 -630 404 717 -38 625 38 321 -759 -775 -361 -272 -474 -583 -273 -938 589 965 575 -122 -669 274 394 941 -672 253
-286 -876 698 -83 -986 830 605 361 -620 436 -392 727 463 204 -931 31 382 473 -635 -289 -854 541 504 -136 450 -230 727 987 45 -483 -803 83 -209 930 -573 -797 945 855 -477 -832 868
859 -23 166 251 -478 328 123 -267 353 -492 -104 941 -845 -819 -275 -358 -428 447 332 106 -980 -252 -985 544 -187 -730 9 -514 193 950 7 25 854 -647 -409 -47 -336 -702 687 953 -131 -634 -751 -163 -405 20 -354 108 430 -919 590 -117 -256 811 -633 -676 -844 -833 881 -712 422 -11 -782 60 203
-39 -950 -345 267 -903 -183 -465 969 634 146 -771 -523 -85 386 -359 202 482 344 350 -935 506 380 -410 332 -174
-91 119 332 376 -774 341 -990 53 700 321 126 874 -27 97 248 -426 390 939 813 200 660 -331 -316 40 -304 32 633 -676 -392 -39 -162 -917 610 -52 -322 230 960 31 -320 619 212 495 979
-363 -954 -966 -2 -482 -222 659 -435 -52 -482 923 -507 -891 -234 -448 155 103 823 -294 -776 -637 -869 -974 853 -649 986 -360 -457 -171 -88 -684 298 489 -186 -703 717 933 498 967 -603
403 647 361 -780 578 -298 -580 895 -881 -287 -447 536 907 -337 -801 -700 459 -920 220 -582 108 977 -133 -23 60 -875 -906 -828 -178 407 457 -296 -306 688 498 608 673 -577 997 -191 -133 50 -745 -129 -822 -509 -649 -210 1 725 -669
-995 -539 -446 644 413 -752 -244 584 -895 -290 -345 658 -483 -244 -942 -773 704 761 -638 -669 431 -113 -117 285 869 -833 -876 -388 59 142 974 -350 268 230 724 -185
-777 13 -899 286 -407 866 669 -139 798 931 487 -914 754 290 -904 111 -222 -417 -376 306 969 -933 -464 845 568 157 -417 754 -970 787 440 64 882 -567 65 752 146 -820 -690 907 -483 471 338 -840 442 576 -606 -614 -375 -788 -966 749 -135 -530
442 -561 170 243 308 439 28 996 774 347 281 -54 824 418 -894 549 400 -813 -613 -801 777 865 205 -549 -803 -271 -604 -655 730 -240 147 -448 170 994
-306 -486 -753 -368 -390 994 -878 364 -625 972 264 -13 -169 808 714 691 944 697 808 -792 618 218 51 397 380 -414 -869 -903 -547 605 -654 886 -559 -979 617 -63 211 458 253 -360 -803 851 -931 586 34
-451 -101 791 -695 764 -533 452 749 -369 -273 -924 368 -980 -626 -197 914 116 -36 -764 350 -4 540 -217 713 -39 26 48 72 403 -165 191 995 761 -341 -929 875 -320 197 364 419 714 -548 51 722
549 -772 853 -85 -662 331 -590 643 -501 358 553 -778 -955 650 -951 725 703 722 778 534 737 180 273 -651 898
-935 896 778 -385 152 558 -669 791 -656 -348 435 -749 -287 175 773 -727 -188 368 -299 -63 -643 833 637 -975 649 375 910 334 -442 752 412 551 310 199 -841
664 -882 -525 607 -8 -735 424 -925 864 137 -134 -938 -582 730 326 808 -917 379 -586 669 756 -921 -225 913 -562 541 357 -329 654 475 -211 728 962 -212 889 847 872 415 51 -584 400 104 -486 553 216 0 646 -843 -301 388 930 214 638 -178 960 197 -767 -238 838 -190 566 -856 -592 -907 -583 748 839 -419 -817 -528 75 -55 113 285 -12
-639 908 236 525 -923 349 374 -344 685 22 -126 551 820 966 440 -800 -181 750 623 218 -36 -165 906 475 -10 -811 392 694 -664 -66 -331 330 229 -717 -499 -874 -563 84 209 956 223 -791 423 -483 804 234 322 232 874 -785 -919 836 318 951 887 -727 623 115 530 272 -641 -75 434 89 -719 -494 -353 -179 -971 -161 64 504 409 -744 -280
78 -35 154 575 -142 -534 -662 -318 811 624 -174 526 -809 880 600 -535 -447 -525 -516 132 296 779 -479 -408 953 -647 314 -6 11 -698 954 549 -357 -574 408 -300 123 653 542 684 -867 683 -992 119 827 691 846 -636 543 -963 36 -220 533 -757 -60 243 161 -849 -277 257 983 589 720 -750 -797 658 321 526 1 -59 -507
-101 -611 -637 208 -30 -405 719 86 -535 858 922 267 639 951 268 27 120 884 -938 -358 613 -346 -836 -621 653 -640 -389 -424 -704 -209 820
777 -388 -290 413 680 -670 -446 401 -889 -647 -329 737 -894 -766 699 -284 798 -183 -127 -791 626 -918 533 395 706 -961 413 62 -207 382 844 433 -66 242 819 -565
880 -540 375 -808 429 658 -148 -728 73 -848 344 -540 562 44 -472 510 421 393 -569 904 661 -686 922 419 186 -217 608 -307 -890 -160 -17 -112 -602 -650 -895 902 -884 459 511 871 -326 -469 292 -965 504 827 -924 -458
-668 835 -757 -649 -537 -277 -720 321 -78 453 -280 -952 -655 749 -353 379 -264 322 771 826 188 862 -646 927 -824 -922 -677 -488 350 510 835 -218 -119 -842 410 555 -572 -132 539 -528 170 832 -2 244 616 -846 797 -395 -208 897 -70 -857 329 -159 -877 917