-345 -284 -54 497 -312 -464 N/A 77 184 -12 -199 N/A -428 N/A -632 N/A -875 157 N/A 190 N/A -778 874 N/A -502 265 N/A -487 -573 954 -312 -93 -703 N/A 312 650 N/A 568 N/A -180 444 -402 130 867 169 -890 -345 591 662 992 N/A -445 N/A 673 N/A -238 -162 N/A -804 279 687 866 N/A -978 -710 -123
617 -446 N/A 308 112 49 N/A 858 N/A 897 -5 -780 N/A -55 998 -37 N/A 547 353 599 -910 -912 456 -592 N/A -134 N/A -651 N/A 756 418 985 N/A 238 20 N/A 560 144 N/A 231 N/A -608 -240 -393 N/A -868 238 245 -44 -235 566 -800 -700 153 N/A -927
284 -216 N/A 816 476 -650 N/A 237 -546 -996 N/A -141 421 N/A -131 917 896 -175 N/A 592 789 769 N/A 357 143 581 N/A 272 211 -519 373 N/A -802 N/A 829 165 852 713 N/A -322 N/A -587 -597 850 888 -87 N/A -27 384 961 -421 -775 N/A 861 468 778 793 N/A -896 N/A 555 248 N/A -494 943 -728 N/A -592 26 -716 239 N/A -948
976 437 N/A -890 N/A -212 N/A 925 934 654 208 -280 934 -604 N/A 644 -768 -697 180 570 -479 N/A 725 -21 312 598 -668 746 N/A -750 42 N/A 959 466 N/A -650 -513 947 N/A 409 N/A 937 -154 N/A 201 42 102 -397 675 -416 N/A 753 N/A -593 -352 N/A 303 709
794 836 N/A -137 996 N/A -641 N/A 106 N/A 763 65 -106 -257 593 -584 N/A -302 N/A -323 N/A -106 N/A 861 N/A -744 855 849 -658 -636 -98 -682 -57 819 25 -612 740 N/A -161 263 N/A -332 N/A 920 90 2 218 700 N/A 9 638 -921 432 -788 N/A 81
-886 52 N/A -717 N/A -14 -519 777 N/A -465 85 683 -785 928 751 125 501 N/A 703 -399 -736 -131 N/A 144 -442 -637 -583 760 -940 754 112 N/A -253 -941 -264 936 721 N/A 918 N/A -988 N/A -691 N/A -995 153 -988 46 N/A 300 270 N/A 99 N/A -476 N/A -739 -257 171
-40 495 N/A -559 -628 N/A 197 805 432 N/A -154 222 N/A 472 878 N/A 31 -64 -696 -927 N/A -579 N/A 897 398 595 -525 518 -183 404 872 N/A 832 -962
-349 526 34 -553 106 -446 804 N/A -134 -48 671 222 N/A 206 -429 704 -83 N/A 910 N/A 481 N/A 394 N/A -510 -258 844 -188 N/A -314 -642 -206 415 -708 N/A -519 -971 882 N/A 425 288 N/A 175 -323 501 N/A -312 N/A -762 -95 727 N/A 854 531 856 -770 N/A -830 -526 -871 N/A -693
712 N/A -912 867 -619 -115 234 -674 -485 657 N/A 704 -209 17 699 -514 N/A 422 -391 -24 N/A -292 770 -711 -171 -171 N/A -78 N/A 10 -452 314 831 805 -729 N/A 67 826 N/A 282 -838 N/A -517 -62 -566 100 560 N/A -402 24 N/A -971 N/A -754 -420 N/A 641 N/A -255
-89 -622 524 -155 435 851 359 447 N/A -58 484 N/A -526 594 N/A -872 N/A -333 -205 N/A -937 -713 -616 -612 N/A -861 140 -340 N/A -843 N/A 298 -750 -435 -134 -785 N/A -85 -691 N/A -318 N/A 667 N/A 939 713 N/A 160 -571 953 N/A 494 -814 47 -369 -915 586 N/A -253 -574
-789 -839 -508 280 N/A 571 414 693 -312 -794 857 N/A -498 N/A -533 177 N/A -435 484 -890 829 197 753 965 N/A 766 -533 N/A -770 N/A 601
-654 N/A 102 -847 N/A 409 -920 N/A 224 N/A 154 -703 487 713 -599 -299 -757 N/A 847 N/A 31 -903 -173 725 -543 790 N/A -243 199 N/A -120 -315 379 N/A -629 -504 -219 -497 71 -157 N/A -626 -768 522 N/A -919 N/A -266
434 N/A 69 700 -537 N/A -453 -776 159 -778 N/A -34 -770 52 N/A 526 -962 -411 650 N/A 381 781 N/A 847 N/A -660 -760 -759 941 -719 937 472 337 N/A -403 -375 -97 N/A 761 -913 N/A 780 894 N/A 201
-96 N/A -278 381 -356 850 -976 -951 -3 N/A 620 -282 N/A 833 N/A 773 643 -827 -388 972 N/A 718 963 963 -223 -701 645 -844 N/A 56 715 N/A -426 -269 N/A -504 N/A 3 435 259 N/A 351 394 N/A 926 635 998
-296 -873 -899 -137 N/A -250 -225 N/A -252 N/A -900 569 -412 291 -598 N/A -919 267 287 -356 N/A -392 930 -543 716 -888 N/A -748 -438 N/A 897 -760 N/A 389 -109 N/A -44 439 -838 N/A -97 -159 -188 N/A -296 -6 664 769 182 N/A -37 N/A -696 601 -766 N/A 674 -533 N/A 13 32
-302 -270 717 N/A -201 -493 -942 -991 N/A -977 230 508 N/A -213 705 N/A 904 N/A 41 N/A -375 320 N/A -975 -502 267 -724 N/A -19 -959 64 -907 227 967 461 -517 303 N/A -800
42 -419 N/A -291 465 N/A -356 -812 782 954 -178 N/A 871 N/A 5 748 N/A -33 -966 N/A -130 434 210 -117 372 N/A 434 -786 -579 N/A 951 363
-967 N/A 529 -115 -708 -47 N/A -693 101 -297 -198 N/A -132 -585 N/A 245 N/A -540 122 -788 642 -195 -248 358 N/A 707 N/A -6 693 -843 19 -683 -711 615 N/A 581 420 N/A 830 -405 N/A -627 -141 N/A 188 39 -214 N/A 411 537 50
44 123 -91 N/A 229 N/A 428 -121 N/A 497 N/A -510 743 308 -76 744 -776 409 N/A 140 192 -997 N/A 109 -859 995 -974 N/A 354 -571 -70 -509 N/A 615 506 -910 N/A -849 874 N/A -602 869 576 N/A 894 254 502 N/A -31 -877 2 -45 208 455 N/A -711 -336 -25 N/A -222 N/A 109 252 N/A 86 N/A 597 49 -500 567
-398 832 431 584 N/A -96 N/A 473 N/A -516 -235 N/A 156 -615 -479 285 N/A -898 N/A -629 314 369 N/A 624 266 824 -19 -767 -604 -441 693 -907 N/A 994 92 -304 -604 797 960 -435 N/A -417 N/A 282 -244 -895 N/A 804 117 69 N/A 973 220 740 623 N/A -658 -930 N/A 285 N/A -869 N/A 380
876 -618 N/A 304 971 N/A -463 441 N/A -835 -908 -204 -406 N/A -134 676 914 78 698 N/A 679 N/A 615 579 -790
-875 -942 955 N/A -835 135 -341 795 N/A 53 484 N/A 933 N/A -148 130 N/A 991 N/A -669 -682 -376 N/A -999 -776 612 N/A 676 88 312 740 811 N/A 691 N/A 962 -88 611 -418 410 -811 363 -781 -15 N/A -426 N/A -38 847
-312 411 -318 N/A 553 N/A 931 -524 N/A -250 N/A 226 -280 N/A -883 -317 N/A -766 -371 -397 N/A -137 N/A 366 986 107 N/A -920 N/A 483 275 -305 540 -415 111 261 N/A -862 -468 -528 N/A 111 -772 -306 -279 -241 N/A 247 563 -273 -752 -648 N/A 485 -153 454 245 N/A -243 -853 -360 873 N/A 904 N/A -346 N/A 934 -539 709 415 658 -207 413
-389 N/A -928 532 N/A 365 N/A 789 -69 N/A 56 -54 -767 -61 -278 335 752 N/A -945 -770 N/A 949 N/A -896 N/A 357 N/A -322 N/A 412 -485 894 80 241 -924 -354 -648 -391 -341 -666 508
420 95 -524 543 -985 -959 N/A -197 87 N/A -814 -348 19 871 -400 -186 614 N/A 20 N/A -729 103 614 16 989 -69 -119 N/A -251 N/A 568 -852 N/A 952 -636 149 N/A -169 -373 -416 910 -702 N/A -933 N/A 444 -100 N/A -902 -563 -10 -516 -147 N/A 3 N/A 498 N/A 461 N/A 347 310 -246 N/A 950
-302 N/A 982 335 -699 -352 N/A 448 -120 -774 N/A 505 79 N/A -894 338 N/A -572 857 N/A 514 810 -858 449 959 N/A 160 N/A 26 -544 N/A -204 -893 N/A -855 -528 444 471 -764 -307 -628 -269 -641 -741 N/A -140
-552 -419 N/A 744 -965 -979 -429 N/A -72 -94 71 -937 147 N/A -387 N/A 433 -437 212 798 -829 -858 648 180 N/A -954 N/A -521 N/A -775 469 N/A -64 -863 N/A -221 N/A 7 580 -383 117 899
-858 99 956 -610 -271 -265 N/A -589 -675 -25 964 806 779 -615 N/A -805 N/A 740 -321 787 N/A 899 453 191 N/A -169 N/A -59 N/A -927 -525 -816 N/A -957 N/A 409 122 N/A 202 -28 352 N/A 763 -258 677 252 334 76 -653 -683 N/A -368 N/A -854 787 N/A -6 -898 -92 284 -145 N/A 493 -877 868 N/A 860 N/A -570
-274 651 686 N/A 169 N/A 561 N/A 283 750 N/A 553 -981 738 862 -800 724 N/A -820 N/A -844 180 894 -352 N/A 162 N/A -956 -652 N/A -554 585 537 -930 534 433 -490 223 N/A -507 -729 913 N/A 568 -858 -635 -890 -836 N/A 270 N/A 959 N/A -751 -569 626 972 -382 -510 N/A 152 N/A 716 -763 -56 N/A 235 -521
857 -613 N/A -529 -855 -256 N/A 979 -151 N/A 501 N/A 932 -381 -608 259 -419 764 N/A -909 -762 N/A 395 591 -247 689 N/A -879 N/A 280 -920 694 -848 58 840
631 N/A -828 68 N/A -449 -817 53 N/A 221 N/A -479 N/A 220 -632 17 67 172 -903 738 N/A 277 -318 262 N/A -83 546 -285 N/A -626 -725 631 N/A -330 -507 -833 N/A -693 -3 737 -219 812 -403 -663 -724 886 N/A -586 -540 -387 N/A 90 N/A 373 868 -312 N/A 724 N/A 563 966 323
132 -752 -51 -774 -941 N/A -439 -992 N/A 788 N/A 354 -231 -320 102 198 N/A -824 35 58 435 262 831 26 N/A -280 N/A 915 N/A 114 676 N/A -649 -212 N/A -462 N/A -35 -271 N/A -456 N/A 969 -706 N/A -848 843 -479 N/A -145 -199 421 N/A 235 546 441 -860 -743 485 565 -477
80 N/A 62 326 -743 N/A -969 610 49 N/A -563 -601 529 104 N/A -244 128 -762 N/A 894 -18 -577 76 N/A 941
644 -631 -489 N/A -526 317 155 -938 128 -403 N/A -914 N/A 591 -385 651 174 N/A -916 -269 N/A -818 N/A 165 123 60 840 -276 -933 N/A -590 N/A -862 N/A 665 -385 -214 172 N/A -975 414 N/A -925 277 396 -995 N/A 833 -941 -354 435 -369 -782 818 N/A -299 44 N/A 536 -706 -938 N/A -161 N/A 993
-50 N/A 773 -842 707 N/A 34 -322 N/A -638 N/A 348 126 -64 338 -111 511 -744 -507 -750 710 N/A -302 N/A 542 -814 N/A -596 485 N/A 999 -601 396 832
256 456 -312 -666 N/A -736 N/A 304 -573 -339 N/A 870 -310 -642 N/A -106 359 N/A -327 -423 464 N/A 286 -736 N/A 66 N/A -979 -951 N/A 133 170 -559 896 -741 911 63
128 N/A 744 N/A 25 -472 -431 687 592 -293 N/A 18 N/A -818 442 186 371 N/A 100 N/A 925 N/A 672 N/A 25 -846 76 -88 N/A -950 81 200 177 -809 N/A -862 N/A 225 144 N/A -121 540 -334 N/A -937 -194 N/A 508 -575 229 N/A 406 473 -647 291 -998 -45 -809 -922 -772 N/A 439 -723 372 -457 N/A 142 -124
901 600 221 234 N/A 255 -690 -487 N/A 220 N/A -410 367 N/A 162 -371 -44 997 618 N/A 978 N/A 247 -685 937 -155 N/A 879 N/A -702 -485 N/A 267 N/A 637 -7 N/A 736 N/A 937 339 N/A 752 251 N/A 937 -362 N/A 459 413 -997 N/A -38 -465 -862 727 N/A 311 -862 -461 -807 964 599 -519 829 -848 679 -669 -995 N/A -998 -586 -472
420 -788 N/A -732 -787 -374 N/A 339 813 -757 N/A -209 354 -814 843 -127 939 N/A -646 -692 N/A 181 N/A -794 976 -542 N/A 554 N/A -868 -186 638 126 N/A -905 N/A 23 N/A -686 -378 -554 -647 882 469
362 490 N/A 136 -574 313 797 693 -221 -209 -453 754 124 -518 226 N/A 455 650 901 N/A -897 -279 306 N/A 332 -840 -672 109 -616 N/A -214 N/A -531 N/A 638 -542 276 580 -18 N/A -987 -979 N/A -971 N/A -833 N/A -662 -491 -317 N/A -843 N/A 85 N/A 80 497
-228 722 -621 607 -413 196 -144 -755 881 406 N/A 884 -769 -325 N/A 782 -218 -596 970 594 -167 -241 N/A -311 668 -835 N/A -739 825 N/A -486 -226 N/A -900 636 N/A -556 N/A 341 756 N/A 701 344 N/A 817 -121 N/A -901 -453 49 N/A 138 -29 N/A 79 N/A 866 81 484
888 598 -371 835 -83 -508 N/A 728 260 -422 -302 532 -442 N/A 161 -714 N/A -7 N/A 611 320 -171 518 N/A 569 N/A 34 -219 808 704 N/A -124 N/A -165 -345 N/A 399 179 -89 N/A -412 -253
-532 -360 -979 N/A 634 N/A -622 74 N/A 714 935 -320 N/A -535 875 267 -206 -650 N/A 852 -583 N/A -194 -638 2 N/A 529 -907 251 830 78
-645 862 -97 932 -62 -744 -638 -462 88 N/A 317 324 N/A -526 -319 N/A -727 N/A -187 -598 N/A -384 N/A -478 -737 -236 N/A 728 663 828 -611 N/A -636 -74 N/A -202 486 N/A -75 291 N/A 128 463 -550 97 N/A 972 N/A -911 -667 409 -557 -857 N/A -475 N/A -852 87 866 N/A 983 853 -797 427
-871 451 405 N/A -908 N/A -804 377 612 N/A -270 -278 N/A -981 N/A -776 N/A -41 -5 158 N/A 501 -769 -874 715 824 N/A 699 N/A 479 N/A -964 -620 942 -152 -664 -978 -557 354 -654 N/A -390 424 -961 -923 N/A 566 -582 -457 752 -126 N/A -713 -268 N/A -575 229 151 508 N/A 974
-754 -916 N/A 585 -518 537 696 N/A -709 73 -99 -502 N/A 372 -560 N/A -161 N/A -640 889 -35 N/A -202 347 -103 N/A 611 819 N/A 365 -149 -185 495 740 -224 722 923 N/A -324 -181 N/A -793
-538 -762 -821 N/A 970 N/A -511 266 -73 -110 N/A 109 165 N/A 954 513 N/A 673 -738 606 -699 -195 -649 N/A 558 N/A 646 -426 -736 -138 N/A 881 N/A -716 229 -588 757 122 N/A -497 312 N/A -166 -272 327 -242 N/A 110 -604 -567 N/A -286 670 N/A 136 -135 -354 N/A 661 360 186 N/A -192 546 N/A -341 585 938
103 987 -835 -973 N/A -823 N/A 993 -294 988 460 451 -103 703 N/A 980 -556 N/A -241 -819 -878 689 244 N/A -37 N/A -111 -45 -105 N/A -237 N/A 413 -602 963 N/A 543 -735 -784 N/A -125 358 -237 -227 -207 N/A 764 N/A 712 321 N/A -490 840 N/A 152 654 N/A 90 N/A 274 -997 486 -339 -624 781
856 120 N/A -283 -844 N/A -170 -206 N/A 923 947 N/A -186 266 921 N/A -960 -368 N/A 742 499 N/A -581 782 N/A -915 748 400 N/A -654 N/A -694 N/A 299 835 -803 -891 547 -692 N/A -751 -684 -932 -170 -245 -536 N/A -121 -770 592 -794 -207 -712 536
-305 N/A 849 -114 743 -589 29 -153 -569 N/A 810 N/A 404 580 N/A 391 624 N/A 640 161 241 -561 635 -462 N/A -877 586 N/A 328 598 62 584 31 902 340 498 N/A -839 -324 N/A -677 N/A 262 -409 -904 -405 N/A 860 943 -971 N/A 560 N/A 35 -377 646 912 -931 N/A -892 N/A 915
-973 86 N/A 238 702 80 N/A -643 N/A 606 436 -654 180 256 N/A -698 -78 N/A 316 766 208 -632 666 -607 -582 N/A 324 524 -839 -619 N/A -62 -432 N/A -64 -538 982 N/A -410 N/A 552 -69 758 N/A -3 -87 -71
446 -89 556 -620 -775 235 -733 -181 411 -194 919 666 N/A 81 -978 -829 N/A 177 436 338 -447 840 -853 103 -534 -52 N/A 974 -317 N/A -958 N/A -892 -424 N/A -695 828 N/A -143 779 N/A -502 -449 N/A -824 269 N/A 118 -525 N/A 502 314 N/A -669 N/A 695 N/A 546
111 249 -982 -507 243 -677 438 N/A -844 91 -232 -161 N/A 589 567 N/A 487 871 151 -574 -158 -248 N/A -753 937 -979 N/A -751 N/A 765 706 N/A -297 N/A -19 N/A 495 27 -567 -341 -936 N/A -972 N/A -269 -260 820 N/A -729
992 439 -95 703 N/A 421 N/A -868 -248 N/A -37 523 N/A -309 221 N/A 758 623 -223 -563 -176 N/A -253 -370 N/A 755 -301 -673 570 884 N/A -470 -477 63 -843 N/A -877 -43
-65 N/A -796 -380 N/A 798 155 -69 697 N/A -203 N/A 53 649 -649 -966 N/A 549 558 184 600 654 294 N/A 858 N/A 994 -777 -813 614 N/A -750 721 N/A -291 N/A 695 673 N/A -592 -908 N/A 61 645 182 456 N/A 445 245 177 N/A 626 -370 N/A -663 89 N/A -985 -365 -7 18 133 -766 N/A 736 702 -64 -276 -287
123 17 -682 249 N/A 92 290 913 814 -259 N/A -82 N/A -702 990 979 220 N/A 235 N/A -597 -186 131 N/A -809 357 729 -646 N/A 16 816 -864 -837 N/A 636 N/A -721 -664 N/A -86 N/A -864 65 -402 172 N/A -710 -369
-283 -831 N/A -584 -438 -254 N/A 493 -961 -392 400 -257 -846 N/A -214 -13 -36 -612 -363 702 N/A 460 -710 N/A -194 N/A 188 -394 N/A -38 N/A 703 -4 -775 -917 N/A -165 -599 N/A 735
-772 N/A -612 933 N/A -673 -800 N/A -938 496 -353 N/A 492 N/A -18 470 -261 -720 N/A 618 N/A -791 452 N/A 647 172 -856 N/A 874 -962 -271 N/A -78 -476 -971 -93 -311 -352 N/A -516 42 -329 -312 N/A -973 -800 -631 N/A 675 179 925 764 N/A -297 N/A -764 831 655 -874 -753 -898 N/A -423 890
589 182 26 -437 -366 N/A 667 570 N/A -629 -21 N/A -210 N/A 505 N/A -461 714 972 N/A 961 -840 -846 -181 -35 N/A -436 133 N/A 711 -982 N/A -836 N/A 46 106 -793 760 -390 N/A -21 N/A 396 -946 -815 N/A -363 763 840 -688 300 904 178 264 374 -577 N/A -484 -120 380 279 N/A 328
-752 155 -672 N/A 953 N/A -395 -741 N/A 628 -974 569 -512 139 N/A 49 N/A -836 N/A 436 -701 480 -566 905 -977 -440 391 N/A -113 -351 329 -442 N/A 984 150 -14 -635 -342 N/A 882 -420 -67 N/A 938 -63 -845 N/A 674 -182 648 -787 N/A -388 69 -266 N/A -764 N/A 690
-936 157 -779 -1000 -668 614 484 N/A -496 N/A 480 893 N/A -670 -132 N/A -958 147 N/A -526 -685 -430 936 -6 -617 N/A 949
-379 -713 -633 N/A 887 -831 701 571 N/A -388 -836 -208 -399 261 -194 -177 N/A -554 N/A -603 656 -462 -632 -806 -355 -357 N/A -235 -849 -464 N/A 704 N/A 529 N/A -857 N/A -318 N/A -357 N/A 475 -221 -889 N/A 876 -585 99 N/A -116 -638 -818 -724 -38 -714 N/A -664 -973 -443
952 563 -655 654 -293 -980 N/A -535 N/A -119 205 -976 92 123 797 272 N/A 435 909 209 -945 -321 N/A 648 N/A 494 N/A -938 883 -503 N/A 870 489 N/A -801 N/A -221 277