488.0
425.85714285714283
542.0
454.77777777777777
520.4615384615385
459.84615384615387
588.0
522.9333333333333
424.0
410.0
486.0
358.4
565.4
688.2222222222222
533.0
380.6666666666667
460.0
401.0
352.0
519.75
542.8571428571429
461.8333333333333
610.4
462.0
474.8
411.0
527.0
501.0
544.1111111111111
594.6666666666666
479.14285714285717
298.6666666666667
260.6666666666667
379.38461538461536
399.27272727272725
378.4
335.6470588235294
574.6153846153846
494.5
354.0
565.7333333333333
468.61538461538464
398.22222222222223
587.2727272727273
611.4
562.6666666666666
498.875
493.22222222222223
560.2222222222222
555.0
427.7894736842105
547.0
483.2
753.2
554.3333333333334
449.55555555555554
363.6
451.8333333333333
409.6842105263158
572.8333333333334
536.0
589.0
568.8571428571429
